videoId,total_comments,genz_pct,millennial_pct,interest_pct,other_pct,top_interest
0,526,32.69961977186312,33.460076045627375,33.840304182509506,0.0,InterestDriven
1,1,0.0,0.0,100.0,0.0,InterestDriven
2,1,100.0,0.0,0.0,0.0,GenZ
6,5,80.0,20.0,0.0,0.0,GenZ
7,1,0.0,0.0,100.0,0.0,InterestDriven
8,26,0.0,76.92307692307693,23.076923076923077,0.0,Millennial
11,483,57.971014492753625,26.08695652173913,15.942028985507244,0.0,GenZ
15,1,0.0,0.0,100.0,0.0,InterestDriven
19,1,0.0,0.0,100.0,0.0,InterestDriven
22,2,100.0,0.0,0.0,0.0,GenZ
25,6,50.0,33.33333333333333,16.666666666666664,0.0,GenZ
26,16,68.75,31.25,0.0,0.0,GenZ
29,4,50.0,0.0,50.0,0.0,GenZ
30,2,100.0,0.0,0.0,0.0,GenZ
33,2643,64.16950435111616,29.24706772606886,6.583427922814983,0.0,GenZ
35,3,0.0,0.0,100.0,0.0,InterestDriven
37,34,20.588235294117645,55.88235294117647,23.52941176470588,0.0,Millennial
42,2,100.0,0.0,0.0,0.0,GenZ
43,1,0.0,0.0,100.0,0.0,InterestDriven
44,38,13.157894736842104,63.1578947368421,23.684210526315788,0.0,Millennial
45,16074,15.310439218613912,54.603707851188254,30.085852930197838,0.0,Millennial
47,1,100.0,0.0,0.0,0.0,GenZ
50,4,0.0,0.0,100.0,0.0,InterestDriven
51,12,16.666666666666664,25.0,58.333333333333336,0.0,InterestDriven
54,107,16.822429906542055,76.63551401869158,6.5420560747663545,0.0,Millennial
55,4,75.0,0.0,25.0,0.0,GenZ
62,5,20.0,20.0,60.0,0.0,InterestDriven
64,11,27.27272727272727,27.27272727272727,45.45454545454545,0.0,InterestDriven
65,1,100.0,0.0,0.0,0.0,GenZ
67,488,17.008196721311474,50.409836065573764,32.58196721311475,0.0,Millennial
68,11,0.0,54.54545454545454,45.45454545454545,0.0,Millennial
69,1,100.0,0.0,0.0,0.0,GenZ
70,3,66.66666666666666,33.33333333333333,0.0,0.0,GenZ
73,2,100.0,0.0,0.0,0.0,GenZ
74,81,49.382716049382715,32.098765432098766,18.51851851851852,0.0,GenZ
75,4,100.0,0.0,0.0,0.0,GenZ
77,2,0.0,50.0,50.0,0.0,InterestDriven
78,1,0.0,0.0,100.0,0.0,InterestDriven
83,12,16.666666666666664,50.0,33.33333333333333,0.0,Millennial
84,59,10.16949152542373,50.847457627118644,38.983050847457626,0.0,Millennial
86,2,50.0,0.0,50.0,0.0,GenZ
87,2,100.0,0.0,0.0,0.0,GenZ
88,5,20.0,80.0,0.0,0.0,Millennial
90,5,0.0,60.0,40.0,0.0,Millennial
93,1,0.0,0.0,100.0,0.0,InterestDriven
94,64,18.75,42.1875,39.0625,0.0,Millennial
98,105,9.523809523809524,31.428571428571427,59.04761904761905,0.0,InterestDriven
99,2,0.0,100.0,0.0,0.0,Millennial
100,12,16.666666666666664,41.66666666666667,41.66666666666667,0.0,InterestDriven
101,3,33.33333333333333,66.66666666666666,0.0,0.0,Millennial
103,4,50.0,50.0,0.0,0.0,GenZ
104,48,6.25,62.5,31.25,0.0,Millennial
106,1,100.0,0.0,0.0,0.0,GenZ
107,1,0.0,0.0,100.0,0.0,InterestDriven
111,56,1.7857142857142856,73.21428571428571,25.0,0.0,Millennial
114,1,0.0,100.0,0.0,0.0,Millennial
116,3,0.0,66.66666666666666,33.33333333333333,0.0,Millennial
118,31,32.25806451612903,58.06451612903226,9.67741935483871,0.0,Millennial
119,48,18.75,68.75,12.5,0.0,Millennial
127,20,20.0,45.0,35.0,0.0,Millennial
131,2,0.0,0.0,100.0,0.0,InterestDriven
132,6,33.33333333333333,66.66666666666666,0.0,0.0,Millennial
134,19,15.789473684210526,42.10526315789473,42.10526315789473,0.0,InterestDriven
138,42,21.428571428571427,33.33333333333333,45.23809523809524,0.0,InterestDriven
139,2,50.0,0.0,50.0,0.0,GenZ
140,7,28.57142857142857,28.57142857142857,42.857142857142854,0.0,InterestDriven
141,1,0.0,100.0,0.0,0.0,Millennial
143,23,26.08695652173913,30.434782608695656,43.47826086956522,0.0,InterestDriven
147,2,100.0,0.0,0.0,0.0,GenZ
148,4,75.0,25.0,0.0,0.0,GenZ
150,14,42.857142857142854,28.57142857142857,28.57142857142857,0.0,GenZ
151,91,71.42857142857143,20.87912087912088,7.6923076923076925,0.0,GenZ
154,36,38.88888888888889,25.0,36.11111111111111,0.0,GenZ
156,1,0.0,0.0,100.0,0.0,InterestDriven
158,1,0.0,100.0,0.0,0.0,Millennial
159,16,25.0,18.75,56.25,0.0,InterestDriven
160,4,50.0,0.0,50.0,0.0,GenZ
161,4,50.0,25.0,25.0,0.0,GenZ
162,26,11.538461538461538,65.38461538461539,23.076923076923077,0.0,Millennial
163,27,7.4074074074074066,77.77777777777779,14.814814814814813,0.0,Millennial
166,10,80.0,10.0,10.0,0.0,GenZ
167,2,50.0,50.0,0.0,0.0,GenZ
170,2,0.0,100.0,0.0,0.0,Millennial
173,4,75.0,25.0,0.0,0.0,GenZ
176,4,0.0,50.0,50.0,0.0,InterestDriven
177,35,68.57142857142857,17.142857142857142,14.285714285714285,0.0,GenZ
180,49,42.857142857142854,48.97959183673469,8.16326530612245,0.0,Millennial
181,1,100.0,0.0,0.0,0.0,GenZ
182,3,0.0,100.0,0.0,0.0,Millennial
183,4,25.0,50.0,25.0,0.0,Millennial
186,5,0.0,0.0,100.0,0.0,InterestDriven
187,1,0.0,0.0,100.0,0.0,InterestDriven
188,1,0.0,0.0,100.0,0.0,InterestDriven
189,5,40.0,40.0,20.0,0.0,GenZ
190,1,0.0,100.0,0.0,0.0,Millennial
192,1,0.0,0.0,100.0,0.0,InterestDriven
193,3,0.0,33.33333333333333,66.66666666666666,0.0,InterestDriven
194,2,100.0,0.0,0.0,0.0,GenZ
200,176,63.63636363636363,23.295454545454543,13.068181818181818,0.0,GenZ
201,455,7.252747252747254,20.87912087912088,71.86813186813187,0.0,InterestDriven
204,2,0.0,0.0,100.0,0.0,InterestDriven
205,174,47.12643678160919,41.95402298850575,10.919540229885058,0.0,GenZ
208,4,0.0,25.0,75.0,0.0,InterestDriven
210,11,45.45454545454545,45.45454545454545,9.090909090909092,0.0,GenZ
211,1,100.0,0.0,0.0,0.0,GenZ
213,26,3.8461538461538463,61.53846153846154,34.61538461538461,0.0,Millennial
216,6,83.33333333333334,16.666666666666664,0.0,0.0,GenZ
221,7,0.0,14.285714285714285,85.71428571428571,0.0,InterestDriven
222,6,66.66666666666666,16.666666666666664,16.666666666666664,0.0,GenZ
225,1,0.0,100.0,0.0,0.0,Millennial
228,2,0.0,100.0,0.0,0.0,Millennial
229,20,35.0,50.0,15.0,0.0,Millennial
230,4,0.0,75.0,25.0,0.0,Millennial
231,1,0.0,0.0,100.0,0.0,InterestDriven
234,2,0.0,50.0,50.0,0.0,InterestDriven
239,1,100.0,0.0,0.0,0.0,GenZ
240,152,31.57894736842105,13.815789473684212,54.60526315789473,0.0,InterestDriven
242,1883,59.957514604354756,32.81996813595327,7.222517259691981,0.0,GenZ
243,3,0.0,66.66666666666666,33.33333333333333,0.0,Millennial
244,5,0.0,20.0,80.0,0.0,InterestDriven
250,5,80.0,20.0,0.0,0.0,GenZ
252,19,21.052631578947366,63.1578947368421,15.789473684210526,0.0,Millennial
259,1,0.0,100.0,0.0,0.0,Millennial
266,4,0.0,25.0,75.0,0.0,InterestDriven
268,21,0.0,47.61904761904761,52.38095238095239,0.0,InterestDriven
269,5,20.0,20.0,60.0,0.0,InterestDriven
270,25,40.0,20.0,40.0,0.0,GenZ
271,14,28.57142857142857,50.0,21.428571428571427,0.0,Millennial
272,14,21.428571428571427,50.0,28.57142857142857,0.0,Millennial
274,1,0.0,0.0,100.0,0.0,InterestDriven
279,1,0.0,0.0,100.0,0.0,InterestDriven
281,1,100.0,0.0,0.0,0.0,GenZ
283,8,75.0,25.0,0.0,0.0,GenZ
288,1,0.0,0.0,100.0,0.0,InterestDriven
290,1,100.0,0.0,0.0,0.0,GenZ
293,1,0.0,100.0,0.0,0.0,Millennial
294,6,33.33333333333333,33.33333333333333,33.33333333333333,0.0,GenZ
295,1,100.0,0.0,0.0,0.0,GenZ
297,22,22.727272727272727,40.909090909090914,36.36363636363637,0.0,Millennial
298,2,50.0,50.0,0.0,0.0,GenZ
303,1,0.0,100.0,0.0,0.0,Millennial
304,3,0.0,66.66666666666666,33.33333333333333,0.0,Millennial
306,3,66.66666666666666,0.0,33.33333333333333,0.0,GenZ
309,2,50.0,50.0,0.0,0.0,GenZ
310,1,0.0,0.0,100.0,0.0,InterestDriven
311,2,50.0,50.0,0.0,0.0,GenZ
315,51,74.50980392156863,13.725490196078432,11.76470588235294,0.0,GenZ
322,5,0.0,20.0,80.0,0.0,InterestDriven
326,8,25.0,25.0,50.0,0.0,InterestDriven
331,1,100.0,0.0,0.0,0.0,GenZ
334,8,0.0,0.0,100.0,0.0,InterestDriven
336,8,75.0,0.0,25.0,0.0,GenZ
338,1,0.0,100.0,0.0,0.0,Millennial
339,1,0.0,0.0,100.0,0.0,InterestDriven
341,1,100.0,0.0,0.0,0.0,GenZ
345,1,0.0,0.0,100.0,0.0,InterestDriven
347,6,33.33333333333333,16.666666666666664,50.0,0.0,InterestDriven
348,1,0.0,0.0,100.0,0.0,InterestDriven
350,3,33.33333333333333,33.33333333333333,33.33333333333333,0.0,GenZ
354,2,50.0,0.0,50.0,0.0,GenZ
360,1,100.0,0.0,0.0,0.0,GenZ
361,3,33.33333333333333,0.0,66.66666666666666,0.0,InterestDriven
362,3,100.0,0.0,0.0,0.0,GenZ
363,1,100.0,0.0,0.0,0.0,GenZ
365,2,0.0,0.0,100.0,0.0,InterestDriven
367,3,33.33333333333333,0.0,66.66666666666666,0.0,InterestDriven
369,2513,26.46239554317549,41.74293672900915,31.794667727815362,0.0,Millennial
371,6,16.666666666666664,33.33333333333333,50.0,0.0,InterestDriven
373,23,69.56521739130434,26.08695652173913,4.3478260869565215,0.0,GenZ
375,25,60.0,24.0,16.0,0.0,GenZ
377,11,9.090909090909092,18.181818181818183,72.72727272727273,0.0,InterestDriven
385,39,15.384615384615385,30.76923076923077,53.84615384615385,0.0,InterestDriven
387,8,37.5,37.5,25.0,0.0,GenZ
389,2,0.0,50.0,50.0,0.0,InterestDriven
390,59,28.8135593220339,44.06779661016949,27.11864406779661,0.0,Millennial
393,217,25.34562211981567,10.599078341013826,64.0552995391705,0.0,InterestDriven
397,2,0.0,0.0,100.0,0.0,InterestDriven
398,9,11.11111111111111,22.22222222222222,66.66666666666666,0.0,InterestDriven
402,2,50.0,50.0,0.0,0.0,GenZ
404,7,28.57142857142857,42.857142857142854,28.57142857142857,0.0,Millennial
406,1,100.0,0.0,0.0,0.0,GenZ
407,1,0.0,0.0,100.0,0.0,InterestDriven
408,1,0.0,0.0,100.0,0.0,InterestDriven
409,9,55.55555555555556,11.11111111111111,33.33333333333333,0.0,GenZ
413,3,33.33333333333333,0.0,66.66666666666666,0.0,InterestDriven
414,1,0.0,0.0,100.0,0.0,InterestDriven
415,1,0.0,0.0,100.0,0.0,InterestDriven
418,1,0.0,0.0,100.0,0.0,InterestDriven
419,31,25.806451612903224,16.129032258064516,58.06451612903226,0.0,InterestDriven
424,2,0.0,50.0,50.0,0.0,InterestDriven
427,3,66.66666666666666,0.0,33.33333333333333,0.0,GenZ
431,3,0.0,33.33333333333333,66.66666666666666,0.0,InterestDriven
433,50,16.0,38.0,46.0,0.0,InterestDriven
437,3,66.66666666666666,33.33333333333333,0.0,0.0,GenZ
438,4,75.0,25.0,0.0,0.0,GenZ
443,9,0.0,66.66666666666666,33.33333333333333,0.0,Millennial
448,1,0.0,0.0,100.0,0.0,InterestDriven
451,1,0.0,0.0,100.0,0.0,InterestDriven
455,21,57.14285714285714,14.285714285714285,28.57142857142857,0.0,GenZ
459,14,28.57142857142857,64.28571428571429,7.142857142857142,0.0,Millennial
460,10,20.0,80.0,0.0,0.0,Millennial
461,1,100.0,0.0,0.0,0.0,GenZ
462,2,50.0,0.0,50.0,0.0,GenZ
465,77,44.15584415584416,53.246753246753244,2.5974025974025974,0.0,Millennial
467,1,0.0,0.0,100.0,0.0,InterestDriven
469,1,0.0,100.0,0.0,0.0,Millennial
470,1,0.0,0.0,100.0,0.0,InterestDriven
471,1,0.0,0.0,100.0,0.0,InterestDriven
474,34,32.35294117647059,44.11764705882353,23.52941176470588,0.0,Millennial
480,20,15.0,60.0,25.0,0.0,Millennial
488,3,0.0,33.33333333333333,66.66666666666666,0.0,InterestDriven
490,53,15.09433962264151,62.264150943396224,22.641509433962266,0.0,Millennial
493,2,0.0,0.0,100.0,0.0,InterestDriven
496,1,100.0,0.0,0.0,0.0,GenZ
497,1,0.0,100.0,0.0,0.0,Millennial
498,2,0.0,0.0,100.0,0.0,InterestDriven
500,423,34.751773049645394,26.713947990543733,38.53427895981088,0.0,InterestDriven
502,3,66.66666666666666,33.33333333333333,0.0,0.0,GenZ
504,1,0.0,100.0,0.0,0.0,Millennial
507,5,0.0,20.0,80.0,0.0,InterestDriven
512,34,32.35294117647059,41.17647058823529,26.47058823529412,0.0,Millennial
513,1,0.0,0.0,100.0,0.0,InterestDriven
518,14,50.0,42.857142857142854,7.142857142857142,0.0,GenZ
519,1,0.0,100.0,0.0,0.0,Millennial
522,6,16.666666666666664,33.33333333333333,50.0,0.0,InterestDriven
523,196,10.714285714285714,62.755102040816325,26.53061224489796,0.0,Millennial
526,1,0.0,0.0,100.0,0.0,InterestDriven
527,8,12.5,0.0,87.5,0.0,InterestDriven
529,1,0.0,0.0,100.0,0.0,InterestDriven
531,1,0.0,0.0,100.0,0.0,InterestDriven
543,74,58.108108108108105,20.27027027027027,21.62162162162162,0.0,GenZ
545,8,87.5,0.0,12.5,0.0,GenZ
548,9,66.66666666666666,33.33333333333333,0.0,0.0,GenZ
554,13,23.076923076923077,53.84615384615385,23.076923076923077,0.0,Millennial
555,94,17.02127659574468,39.361702127659576,43.61702127659575,0.0,InterestDriven
562,39,71.7948717948718,5.128205128205128,23.076923076923077,0.0,GenZ
563,20,15.0,60.0,25.0,0.0,Millennial
565,2,0.0,0.0,100.0,0.0,InterestDriven
571,2,0.0,50.0,50.0,0.0,InterestDriven
572,13,38.46153846153847,53.84615384615385,7.6923076923076925,0.0,Millennial
573,1,0.0,100.0,0.0,0.0,Millennial
574,159,56.60377358490566,27.044025157232703,16.352201257861633,0.0,GenZ
578,1,100.0,0.0,0.0,0.0,GenZ
579,4,0.0,50.0,50.0,0.0,InterestDriven
583,6,33.33333333333333,50.0,16.666666666666664,0.0,Millennial
587,5,0.0,20.0,80.0,0.0,InterestDriven
593,8,50.0,25.0,25.0,0.0,GenZ
596,21,9.523809523809524,57.14285714285714,33.33333333333333,0.0,Millennial
599,2,0.0,0.0,100.0,0.0,InterestDriven
600,28,35.714285714285715,25.0,39.285714285714285,0.0,InterestDriven
601,7,0.0,14.285714285714285,85.71428571428571,0.0,InterestDriven
603,1,0.0,0.0,100.0,0.0,InterestDriven
605,24,12.5,70.83333333333334,16.666666666666664,0.0,Millennial
607,4,25.0,75.0,0.0,0.0,Millennial
609,32,37.5,25.0,37.5,0.0,GenZ
614,10,10.0,0.0,90.0,0.0,InterestDriven
615,2,100.0,0.0,0.0,0.0,GenZ
619,3,66.66666666666666,33.33333333333333,0.0,0.0,GenZ
620,256,16.796875,53.515625,29.6875,0.0,Millennial
621,2,50.0,50.0,0.0,0.0,GenZ
624,69,23.18840579710145,53.62318840579711,23.18840579710145,0.0,Millennial
626,42,11.904761904761903,50.0,38.095238095238095,0.0,Millennial
627,16,31.25,31.25,37.5,0.0,InterestDriven
633,2,0.0,50.0,50.0,0.0,InterestDriven
634,1,0.0,100.0,0.0,0.0,Millennial
636,2,0.0,0.0,100.0,0.0,InterestDriven
637,1,0.0,0.0,100.0,0.0,InterestDriven
639,1,0.0,0.0,100.0,0.0,InterestDriven
642,1,0.0,0.0,100.0,0.0,InterestDriven
643,2104,49.80988593155893,29.277566539923956,20.912547528517113,0.0,GenZ
645,3,100.0,0.0,0.0,0.0,GenZ
651,1,0.0,0.0,100.0,0.0,InterestDriven
653,1,100.0,0.0,0.0,0.0,GenZ
655,2,0.0,0.0,100.0,0.0,InterestDriven
656,5,0.0,40.0,60.0,0.0,InterestDriven
661,1,100.0,0.0,0.0,0.0,GenZ
663,14,57.14285714285714,28.57142857142857,14.285714285714285,0.0,GenZ
664,2,100.0,0.0,0.0,0.0,GenZ
665,1,0.0,100.0,0.0,0.0,Millennial
670,1,0.0,100.0,0.0,0.0,Millennial
674,70,60.0,24.285714285714285,15.714285714285714,0.0,GenZ
677,3,33.33333333333333,0.0,66.66666666666666,0.0,InterestDriven
678,1,0.0,0.0,100.0,0.0,InterestDriven
685,5,20.0,20.0,60.0,0.0,InterestDriven
687,2,0.0,50.0,50.0,0.0,InterestDriven
688,7,14.285714285714285,42.857142857142854,42.857142857142854,0.0,InterestDriven
695,56,28.57142857142857,41.07142857142857,30.357142857142854,0.0,Millennial
698,1,100.0,0.0,0.0,0.0,GenZ
700,7,57.14285714285714,42.857142857142854,0.0,0.0,GenZ
701,42,16.666666666666664,42.857142857142854,40.476190476190474,0.0,Millennial
706,1,100.0,0.0,0.0,0.0,GenZ
713,1,100.0,0.0,0.0,0.0,GenZ
714,33,57.57575757575758,30.303030303030305,12.121212121212121,0.0,GenZ
715,2,100.0,0.0,0.0,0.0,GenZ
716,1,0.0,0.0,100.0,0.0,InterestDriven
721,1,0.0,100.0,0.0,0.0,Millennial
729,3,0.0,33.33333333333333,66.66666666666666,0.0,InterestDriven
730,9,22.22222222222222,44.44444444444444,33.33333333333333,0.0,Millennial
732,2,0.0,0.0,100.0,0.0,InterestDriven
736,1,0.0,0.0,100.0,0.0,InterestDriven
741,37,18.91891891891892,51.35135135135135,29.72972972972973,0.0,Millennial
742,67,59.70149253731343,19.402985074626866,20.8955223880597,0.0,GenZ
743,3858,17.34059097978227,20.969414204250906,61.68999481596682,0.0,InterestDriven
749,3,66.66666666666666,33.33333333333333,0.0,0.0,GenZ
751,15,6.666666666666667,66.66666666666666,26.666666666666668,0.0,Millennial
752,4,50.0,25.0,25.0,0.0,GenZ
753,18,27.77777777777778,22.22222222222222,50.0,0.0,InterestDriven
755,21,14.285714285714285,61.904761904761905,23.809523809523807,0.0,Millennial
758,1,0.0,100.0,0.0,0.0,Millennial
760,131,52.67175572519084,25.954198473282442,21.374045801526716,0.0,GenZ
761,2,0.0,100.0,0.0,0.0,Millennial
766,1,0.0,100.0,0.0,0.0,Millennial
770,2,50.0,0.0,50.0,0.0,GenZ
773,1,0.0,0.0,100.0,0.0,InterestDriven
774,1,0.0,0.0,100.0,0.0,InterestDriven
775,7,14.285714285714285,57.14285714285714,28.57142857142857,0.0,Millennial
778,20,25.0,40.0,35.0,0.0,Millennial
779,3,100.0,0.0,0.0,0.0,GenZ
781,1,0.0,100.0,0.0,0.0,Millennial
782,2,0.0,100.0,0.0,0.0,Millennial
786,1,0.0,0.0,100.0,0.0,InterestDriven
787,40,42.5,42.5,15.0,0.0,GenZ
789,1,0.0,0.0,100.0,0.0,InterestDriven
795,3,0.0,0.0,100.0,0.0,InterestDriven
796,5,0.0,0.0,100.0,0.0,InterestDriven
799,2,0.0,50.0,50.0,0.0,InterestDriven
802,3,0.0,0.0,100.0,0.0,InterestDriven
803,459,45.969498910675384,35.5119825708061,18.51851851851852,0.0,GenZ
805,4,75.0,25.0,0.0,0.0,GenZ
806,23,8.695652173913043,26.08695652173913,65.21739130434783,0.0,InterestDriven
810,2,50.0,50.0,0.0,0.0,GenZ
817,1,0.0,0.0,100.0,0.0,InterestDriven
826,8,12.5,37.5,50.0,0.0,InterestDriven
827,6,100.0,0.0,0.0,0.0,GenZ
828,4,0.0,50.0,50.0,0.0,InterestDriven
833,4,50.0,25.0,25.0,0.0,GenZ
841,109,52.293577981651374,36.69724770642202,11.009174311926607,0.0,GenZ
842,3,0.0,100.0,0.0,0.0,Millennial
848,1,100.0,0.0,0.0,0.0,GenZ
851,5,0.0,20.0,80.0,0.0,InterestDriven
852,17,17.647058823529413,52.94117647058824,29.411764705882355,0.0,Millennial
853,1,0.0,0.0,100.0,0.0,InterestDriven
854,8,37.5,62.5,0.0,0.0,Millennial
859,6,33.33333333333333,50.0,16.666666666666664,0.0,Millennial
862,5,40.0,0.0,60.0,0.0,InterestDriven
863,41,39.02439024390244,41.46341463414634,19.51219512195122,0.0,Millennial
867,1,0.0,0.0,100.0,0.0,InterestDriven
869,1,0.0,100.0,0.0,0.0,Millennial
871,50,30.0,46.0,24.0,0.0,Millennial
872,2,0.0,50.0,50.0,0.0,InterestDriven
873,16,12.5,25.0,62.5,0.0,InterestDriven
875,1,0.0,100.0,0.0,0.0,Millennial
880,127,51.96850393700787,29.92125984251969,18.11023622047244,0.0,GenZ
883,10,30.0,60.0,10.0,0.0,Millennial
884,6,33.33333333333333,50.0,16.666666666666664,0.0,Millennial
886,16,43.75,18.75,37.5,0.0,GenZ
888,110,38.18181818181819,55.45454545454545,6.363636363636363,0.0,Millennial
889,3,33.33333333333333,0.0,66.66666666666666,0.0,InterestDriven
891,1,0.0,100.0,0.0,0.0,Millennial
894,5,40.0,0.0,60.0,0.0,InterestDriven
897,3,0.0,0.0,100.0,0.0,InterestDriven
899,6,66.66666666666666,33.33333333333333,0.0,0.0,GenZ
901,9,33.33333333333333,33.33333333333333,33.33333333333333,0.0,GenZ
902,1,0.0,100.0,0.0,0.0,Millennial
903,801,39.57553058676655,47.31585518102372,13.108614232209737,0.0,Millennial
905,106,46.22641509433962,37.735849056603776,16.037735849056602,0.0,GenZ
906,1,0.0,0.0,100.0,0.0,InterestDriven
907,6,0.0,66.66666666666666,33.33333333333333,0.0,Millennial
908,14,7.142857142857142,64.28571428571429,28.57142857142857,0.0,Millennial
909,430,32.55813953488372,52.55813953488372,14.883720930232558,0.0,Millennial
912,5,0.0,100.0,0.0,0.0,Millennial
915,1,0.0,100.0,0.0,0.0,Millennial
916,3,0.0,66.66666666666666,33.33333333333333,0.0,Millennial
918,47,12.76595744680851,57.446808510638306,29.78723404255319,0.0,Millennial
921,4,75.0,0.0,25.0,0.0,GenZ
922,11,18.181818181818183,54.54545454545454,27.27272727272727,0.0,Millennial
924,17,35.294117647058826,5.88235294117647,58.82352941176471,0.0,InterestDriven
925,1,100.0,0.0,0.0,0.0,GenZ
929,2,100.0,0.0,0.0,0.0,GenZ
930,73,49.31506849315068,27.397260273972602,23.28767123287671,0.0,GenZ
931,5,20.0,20.0,60.0,0.0,InterestDriven
932,1,0.0,0.0,100.0,0.0,InterestDriven
933,1,0.0,0.0,100.0,0.0,InterestDriven
936,5,40.0,40.0,20.0,0.0,GenZ
940,1,0.0,100.0,0.0,0.0,Millennial
943,1,0.0,100.0,0.0,0.0,Millennial
945,7,57.14285714285714,14.285714285714285,28.57142857142857,0.0,GenZ
947,2,0.0,0.0,100.0,0.0,InterestDriven
948,22,50.0,45.45454545454545,4.545454545454546,0.0,GenZ
957,8,0.0,87.5,12.5,0.0,Millennial
960,2,0.0,50.0,50.0,0.0,InterestDriven
961,82,78.04878048780488,19.51219512195122,2.4390243902439024,0.0,GenZ
962,4,0.0,100.0,0.0,0.0,Millennial
963,4,0.0,50.0,50.0,0.0,InterestDriven
973,1,0.0,100.0,0.0,0.0,Millennial
974,13,23.076923076923077,30.76923076923077,46.15384615384615,0.0,InterestDriven
976,10,10.0,10.0,80.0,0.0,InterestDriven
980,1,0.0,100.0,0.0,0.0,Millennial
981,1,0.0,0.0,100.0,0.0,InterestDriven
982,38,13.157894736842104,47.368421052631575,39.473684210526315,0.0,Millennial
985,1,0.0,100.0,0.0,0.0,Millennial
988,969,21.25902992776058,23.01341589267286,55.72755417956656,0.0,InterestDriven
991,5,0.0,60.0,40.0,0.0,Millennial
992,1,0.0,100.0,0.0,0.0,Millennial
993,2,50.0,0.0,50.0,0.0,GenZ
996,55,63.63636363636363,25.454545454545453,10.909090909090908,0.0,GenZ
1000,4,0.0,0.0,100.0,0.0,InterestDriven
1001,8,0.0,75.0,25.0,0.0,Millennial
1004,8,12.5,50.0,37.5,0.0,Millennial
1013,3,66.66666666666666,0.0,33.33333333333333,0.0,GenZ
1020,3,66.66666666666666,33.33333333333333,0.0,0.0,GenZ
1021,1,100.0,0.0,0.0,0.0,GenZ
1023,2,100.0,0.0,0.0,0.0,GenZ
1028,176,25.568181818181817,29.545454545454547,44.88636363636363,0.0,InterestDriven
1029,1,0.0,0.0,100.0,0.0,InterestDriven
1036,51,15.686274509803921,17.647058823529413,66.66666666666666,0.0,InterestDriven
1042,88,44.31818181818182,30.681818181818183,25.0,0.0,GenZ
1047,4,25.0,0.0,75.0,0.0,InterestDriven
1051,1,0.0,0.0,100.0,0.0,InterestDriven
1055,2,0.0,0.0,100.0,0.0,InterestDriven
1056,10,40.0,0.0,60.0,0.0,InterestDriven
1060,3,0.0,66.66666666666666,33.33333333333333,0.0,Millennial
1066,4,25.0,25.0,50.0,0.0,InterestDriven
1067,2,50.0,50.0,0.0,0.0,GenZ
1070,117,52.991452991452995,35.8974358974359,11.11111111111111,0.0,GenZ
1073,10,10.0,70.0,20.0,0.0,Millennial
1074,3131,20.664324496965826,48.834238262535926,30.50143724049824,0.0,Millennial
1077,6,50.0,16.666666666666664,33.33333333333333,0.0,GenZ
1082,1,0.0,0.0,100.0,0.0,InterestDriven
1083,2,0.0,50.0,50.0,0.0,InterestDriven
1084,28,28.57142857142857,39.285714285714285,32.142857142857146,0.0,Millennial
1085,4,25.0,50.0,25.0,0.0,Millennial
1086,1,0.0,100.0,0.0,0.0,Millennial
1094,7,28.57142857142857,28.57142857142857,42.857142857142854,0.0,InterestDriven
1097,2,50.0,50.0,0.0,0.0,GenZ
1098,10,20.0,70.0,10.0,0.0,Millennial
1099,9,0.0,55.55555555555556,44.44444444444444,0.0,Millennial
1100,1,0.0,100.0,0.0,0.0,Millennial
1110,7,14.285714285714285,42.857142857142854,42.857142857142854,0.0,InterestDriven
1113,2,0.0,100.0,0.0,0.0,Millennial
1116,169,17.159763313609467,51.4792899408284,31.360946745562128,0.0,Millennial
1117,29,58.620689655172406,20.689655172413794,20.689655172413794,0.0,GenZ
1121,1,100.0,0.0,0.0,0.0,GenZ
1122,1,0.0,0.0,100.0,0.0,InterestDriven
1123,3,0.0,0.0,100.0,0.0,InterestDriven
1129,42,2.380952380952381,19.047619047619047,78.57142857142857,0.0,InterestDriven
1134,150,26.0,61.33333333333333,12.666666666666668,0.0,Millennial
1136,5,0.0,0.0,100.0,0.0,InterestDriven
1137,3,33.33333333333333,0.0,66.66666666666666,0.0,InterestDriven
1138,1,0.0,0.0,100.0,0.0,InterestDriven
1141,1,0.0,0.0,100.0,0.0,InterestDriven
1142,3,100.0,0.0,0.0,0.0,GenZ
1143,101,11.881188118811881,45.54455445544555,42.57425742574257,0.0,Millennial
1144,1,0.0,0.0,100.0,0.0,InterestDriven
1145,2,0.0,0.0,100.0,0.0,InterestDriven
1147,2,100.0,0.0,0.0,0.0,GenZ
1158,4,0.0,75.0,25.0,0.0,Millennial
1162,1,100.0,0.0,0.0,0.0,GenZ
1163,3,33.33333333333333,0.0,66.66666666666666,0.0,InterestDriven
1164,9,33.33333333333333,22.22222222222222,44.44444444444444,0.0,InterestDriven
1168,386,16.321243523316063,30.05181347150259,53.626943005181346,0.0,InterestDriven
1170,6,0.0,16.666666666666664,83.33333333333334,0.0,InterestDriven
1171,1,0.0,0.0,100.0,0.0,InterestDriven
1179,4,25.0,50.0,25.0,0.0,Millennial
1180,25,52.0,20.0,28.000000000000004,0.0,GenZ
1183,3,0.0,66.66666666666666,33.33333333333333,0.0,Millennial
1184,91,54.94505494505495,41.75824175824176,3.296703296703297,0.0,GenZ
1185,25,16.0,36.0,48.0,0.0,InterestDriven
1189,1,0.0,0.0,100.0,0.0,InterestDriven
1190,1,0.0,0.0,100.0,0.0,InterestDriven
1191,20,45.0,40.0,15.0,0.0,GenZ
1196,15,60.0,13.333333333333334,26.666666666666668,0.0,GenZ
1198,3,33.33333333333333,33.33333333333333,33.33333333333333,0.0,GenZ
1203,1,0.0,100.0,0.0,0.0,Millennial
1204,11,9.090909090909092,36.36363636363637,54.54545454545454,0.0,InterestDriven
1205,2147,37.35444806707033,49.79040521658128,12.855146716348392,0.0,Millennial
1208,1,0.0,0.0,100.0,0.0,InterestDriven
1209,104,47.11538461538461,21.153846153846153,31.73076923076923,0.0,GenZ
1212,1,0.0,100.0,0.0,0.0,Millennial
1213,1,100.0,0.0,0.0,0.0,GenZ
1214,1,0.0,0.0,100.0,0.0,InterestDriven
1215,41,53.65853658536586,34.146341463414636,12.195121951219512,0.0,GenZ
1216,2,0.0,100.0,0.0,0.0,Millennial
1217,1,100.0,0.0,0.0,0.0,GenZ
1218,4,0.0,0.0,100.0,0.0,InterestDriven
1222,11,18.181818181818183,45.45454545454545,36.36363636363637,0.0,Millennial
1224,108,70.37037037037037,24.074074074074073,5.555555555555555,0.0,GenZ
1229,29,79.3103448275862,3.4482758620689653,17.24137931034483,0.0,GenZ
1231,2,0.0,100.0,0.0,0.0,Millennial
1235,6,0.0,83.33333333333334,16.666666666666664,0.0,Millennial
1242,3,0.0,0.0,100.0,0.0,InterestDriven
1244,17,17.647058823529413,52.94117647058824,29.411764705882355,0.0,Millennial
1247,2,0.0,0.0,100.0,0.0,InterestDriven
1249,17,58.82352941176471,29.411764705882355,11.76470588235294,0.0,GenZ
1250,1,0.0,100.0,0.0,0.0,Millennial
1255,14,35.714285714285715,64.28571428571429,0.0,0.0,Millennial
1257,1,0.0,100.0,0.0,0.0,Millennial
1258,2,100.0,0.0,0.0,0.0,GenZ
1261,91,29.67032967032967,31.868131868131865,38.46153846153847,0.0,InterestDriven
1263,125,71.2,16.8,12.0,0.0,GenZ
1265,17089,46.56796769851951,40.3066299959038,13.125402305576687,0.0,GenZ
1266,4,0.0,0.0,100.0,0.0,InterestDriven
1270,2,50.0,0.0,50.0,0.0,GenZ
1272,6,33.33333333333333,33.33333333333333,33.33333333333333,0.0,GenZ
1273,1,100.0,0.0,0.0,0.0,GenZ
1278,2,0.0,100.0,0.0,0.0,Millennial
1279,1,0.0,0.0,100.0,0.0,InterestDriven
1281,3,0.0,100.0,0.0,0.0,Millennial
1283,1,0.0,100.0,0.0,0.0,Millennial
1286,4,0.0,75.0,25.0,0.0,Millennial
1287,25,76.0,20.0,4.0,0.0,GenZ
1291,9,22.22222222222222,44.44444444444444,33.33333333333333,0.0,Millennial
1295,6,16.666666666666664,83.33333333333334,0.0,0.0,Millennial
1298,1,0.0,0.0,100.0,0.0,InterestDriven
1301,4,75.0,25.0,0.0,0.0,GenZ
1305,2,50.0,0.0,50.0,0.0,GenZ
1310,3,0.0,66.66666666666666,33.33333333333333,0.0,Millennial
1311,13,53.84615384615385,46.15384615384615,0.0,0.0,GenZ
1312,4,0.0,50.0,50.0,0.0,InterestDriven
1316,1,0.0,0.0,100.0,0.0,InterestDriven
1317,17,17.647058823529413,70.58823529411765,11.76470588235294,0.0,Millennial
1324,1,0.0,0.0,100.0,0.0,InterestDriven
1328,2,100.0,0.0,0.0,0.0,GenZ
1330,18,33.33333333333333,50.0,16.666666666666664,0.0,Millennial
1331,2,50.0,50.0,0.0,0.0,GenZ
1333,850,16.0,69.52941176470588,14.470588235294118,0.0,Millennial
1335,1,0.0,0.0,100.0,0.0,InterestDriven
1336,492,25.0,38.41463414634146,36.58536585365854,0.0,Millennial
1339,1,0.0,0.0,100.0,0.0,InterestDriven
1340,4,25.0,75.0,0.0,0.0,Millennial
1344,4,75.0,0.0,25.0,0.0,GenZ
1345,8,12.5,25.0,62.5,0.0,InterestDriven
1351,19,42.10526315789473,36.84210526315789,21.052631578947366,0.0,GenZ
1353,1,0.0,0.0,100.0,0.0,InterestDriven
1355,9,11.11111111111111,44.44444444444444,44.44444444444444,0.0,InterestDriven
1359,7,71.42857142857143,14.285714285714285,14.285714285714285,0.0,GenZ
1360,1,100.0,0.0,0.0,0.0,GenZ
1362,4,25.0,25.0,50.0,0.0,InterestDriven
1365,1,100.0,0.0,0.0,0.0,GenZ
1366,1,100.0,0.0,0.0,0.0,GenZ
1368,7,0.0,71.42857142857143,28.57142857142857,0.0,Millennial
1369,3,0.0,33.33333333333333,66.66666666666666,0.0,InterestDriven
1370,4,0.0,50.0,50.0,0.0,InterestDriven
1372,7,28.57142857142857,42.857142857142854,28.57142857142857,0.0,Millennial
1374,3,0.0,0.0,100.0,0.0,InterestDriven
1379,2,0.0,0.0,100.0,0.0,InterestDriven
1383,32,18.75,50.0,31.25,0.0,Millennial
1387,1,100.0,0.0,0.0,0.0,GenZ
1391,1,0.0,0.0,100.0,0.0,InterestDriven
1398,1,100.0,0.0,0.0,0.0,GenZ
1399,15,40.0,33.33333333333333,26.666666666666668,0.0,GenZ
1400,7,28.57142857142857,28.57142857142857,42.857142857142854,0.0,InterestDriven
1401,1,0.0,100.0,0.0,0.0,Millennial
1402,1,100.0,0.0,0.0,0.0,GenZ
1404,313,26.517571884984026,34.504792332268366,38.977635782747605,0.0,InterestDriven
1409,1,100.0,0.0,0.0,0.0,GenZ
1413,11,45.45454545454545,18.181818181818183,36.36363636363637,0.0,GenZ
1414,1,100.0,0.0,0.0,0.0,GenZ
1416,1,0.0,100.0,0.0,0.0,Millennial
1418,2,0.0,0.0,100.0,0.0,InterestDriven
1419,4,75.0,0.0,25.0,0.0,GenZ
1421,21,47.61904761904761,14.285714285714285,38.095238095238095,0.0,GenZ
1423,16,6.25,62.5,31.25,0.0,Millennial
1426,2,0.0,50.0,50.0,0.0,InterestDriven
1427,11,36.36363636363637,54.54545454545454,9.090909090909092,0.0,Millennial
1428,19,10.526315789473683,42.10526315789473,47.368421052631575,0.0,InterestDriven
1434,574,28.745644599303137,49.47735191637631,21.777003484320556,0.0,Millennial
1435,1,0.0,100.0,0.0,0.0,Millennial
1436,147,11.564625850340136,40.816326530612244,47.61904761904761,0.0,InterestDriven
1440,3,0.0,0.0,100.0,0.0,InterestDriven
1442,1,0.0,0.0,100.0,0.0,InterestDriven
1443,1,0.0,100.0,0.0,0.0,Millennial
1444,7,57.14285714285714,14.285714285714285,28.57142857142857,0.0,GenZ
1447,3,100.0,0.0,0.0,0.0,GenZ
1450,351,46.438746438746435,23.931623931623932,29.629629629629626,0.0,GenZ
1452,1,0.0,100.0,0.0,0.0,Millennial
1453,2,50.0,50.0,0.0,0.0,GenZ
1454,2,50.0,50.0,0.0,0.0,GenZ
1459,37,64.86486486486487,29.72972972972973,5.405405405405405,0.0,GenZ
1463,10,40.0,40.0,20.0,0.0,GenZ
1464,12,50.0,8.333333333333332,41.66666666666667,0.0,GenZ
1466,1,0.0,0.0,100.0,0.0,InterestDriven
1470,136,19.11764705882353,58.08823529411765,22.794117647058822,0.0,Millennial
1472,1,100.0,0.0,0.0,0.0,GenZ
1478,1,0.0,100.0,0.0,0.0,Millennial
1479,3,0.0,66.66666666666666,33.33333333333333,0.0,Millennial
1481,469,10.874200426439232,68.44349680170576,20.68230277185501,0.0,Millennial
1484,163,29.447852760736197,58.282208588957054,12.269938650306749,0.0,Millennial
1486,3,0.0,100.0,0.0,0.0,Millennial
1488,7,57.14285714285714,14.285714285714285,28.57142857142857,0.0,GenZ
1489,31,64.51612903225806,12.903225806451612,22.58064516129032,0.0,GenZ
1494,2,0.0,50.0,50.0,0.0,InterestDriven
1495,1,100.0,0.0,0.0,0.0,GenZ
1497,8,12.5,25.0,62.5,0.0,InterestDriven
1500,4,25.0,75.0,0.0,0.0,Millennial
1502,16,68.75,6.25,25.0,0.0,GenZ
1503,7,14.285714285714285,42.857142857142854,42.857142857142854,0.0,InterestDriven
1505,6,33.33333333333333,0.0,66.66666666666666,0.0,InterestDriven
1507,1,0.0,0.0,100.0,0.0,InterestDriven
1511,3,66.66666666666666,33.33333333333333,0.0,0.0,GenZ
1512,10,20.0,60.0,20.0,0.0,Millennial
1513,1,0.0,0.0,100.0,0.0,InterestDriven
1515,12,33.33333333333333,41.66666666666667,25.0,0.0,Millennial
1519,1,0.0,100.0,0.0,0.0,Millennial
1522,1,0.0,0.0,100.0,0.0,InterestDriven
1524,1,0.0,0.0,100.0,0.0,InterestDriven
1525,51,37.254901960784316,50.98039215686274,11.76470588235294,0.0,Millennial
1527,139,42.44604316546763,48.201438848920866,9.352517985611511,0.0,Millennial
1536,1,0.0,0.0,100.0,0.0,InterestDriven
1539,8,75.0,12.5,12.5,0.0,GenZ
1540,9,11.11111111111111,0.0,88.88888888888889,0.0,InterestDriven
1542,6,33.33333333333333,16.666666666666664,50.0,0.0,InterestDriven
1543,6,66.66666666666666,16.666666666666664,16.666666666666664,0.0,GenZ
1548,1,0.0,100.0,0.0,0.0,Millennial
1549,1,100.0,0.0,0.0,0.0,GenZ
1550,4,0.0,75.0,25.0,0.0,Millennial
1551,2,0.0,0.0,100.0,0.0,InterestDriven
1552,2,0.0,50.0,50.0,0.0,InterestDriven
1555,1,100.0,0.0,0.0,0.0,GenZ
1557,783,60.53639846743295,32.43933588761175,7.0242656449553005,0.0,GenZ
1558,1,0.0,100.0,0.0,0.0,Millennial
1559,1,100.0,0.0,0.0,0.0,GenZ
1560,11,63.63636363636363,27.27272727272727,9.090909090909092,0.0,GenZ
1566,82,35.36585365853659,47.5609756097561,17.073170731707318,0.0,Millennial
1569,3864,64.67391304347827,28.36438923395445,6.961697722567288,0.0,GenZ
1570,4,25.0,25.0,50.0,0.0,InterestDriven
1571,21,0.0,61.904761904761905,38.095238095238095,0.0,Millennial
1579,2,0.0,100.0,0.0,0.0,Millennial
1580,11,18.181818181818183,63.63636363636363,18.181818181818183,0.0,Millennial
1581,5,0.0,0.0,100.0,0.0,InterestDriven
1582,1,100.0,0.0,0.0,0.0,GenZ
1587,1,0.0,100.0,0.0,0.0,Millennial
1589,119,15.126050420168067,39.49579831932773,45.378151260504204,0.0,InterestDriven
1590,3,0.0,33.33333333333333,66.66666666666666,0.0,InterestDriven
1595,17,82.35294117647058,11.76470588235294,5.88235294117647,0.0,GenZ
1597,1,0.0,0.0,100.0,0.0,InterestDriven
1599,3,33.33333333333333,66.66666666666666,0.0,0.0,Millennial
1600,52,19.230769230769234,46.15384615384615,34.61538461538461,0.0,Millennial
1613,1,0.0,100.0,0.0,0.0,Millennial
1620,1,0.0,100.0,0.0,0.0,Millennial
1625,1,0.0,0.0,100.0,0.0,InterestDriven
1627,1,0.0,0.0,100.0,0.0,InterestDriven
1628,2,50.0,50.0,0.0,0.0,GenZ
1629,17,29.411764705882355,58.82352941176471,11.76470588235294,0.0,Millennial
1632,3,66.66666666666666,33.33333333333333,0.0,0.0,GenZ
1633,1,0.0,0.0,100.0,0.0,InterestDriven
1634,12,66.66666666666666,33.33333333333333,0.0,0.0,GenZ
1638,5,20.0,40.0,40.0,0.0,InterestDriven
1642,1,0.0,0.0,100.0,0.0,InterestDriven
1646,35,14.285714285714285,37.142857142857146,48.57142857142857,0.0,InterestDriven
1648,2387,55.21575198994554,30.87557603686636,13.908671973188103,0.0,GenZ
1649,113,19.469026548672566,68.14159292035397,12.389380530973451,0.0,Millennial
1651,2,100.0,0.0,0.0,0.0,GenZ
1652,62,50.0,27.419354838709676,22.58064516129032,0.0,GenZ
1654,103,49.51456310679612,25.24271844660194,25.24271844660194,0.0,GenZ
1656,1,0.0,100.0,0.0,0.0,Millennial
1659,7,42.857142857142854,28.57142857142857,28.57142857142857,0.0,GenZ
1661,250,50.8,38.4,10.8,0.0,GenZ
1665,1,0.0,0.0,100.0,0.0,InterestDriven
1667,3,0.0,0.0,100.0,0.0,InterestDriven
1668,4,50.0,50.0,0.0,0.0,GenZ
1669,3,0.0,100.0,0.0,0.0,Millennial
1674,1,0.0,100.0,0.0,0.0,Millennial
1676,4,0.0,50.0,50.0,0.0,InterestDriven
1679,1,0.0,0.0,100.0,0.0,InterestDriven
1681,12,8.333333333333332,25.0,66.66666666666666,0.0,InterestDriven
1683,3,33.33333333333333,33.33333333333333,33.33333333333333,0.0,GenZ
1686,1,0.0,100.0,0.0,0.0,Millennial
1687,5,40.0,20.0,40.0,0.0,GenZ
1688,3,0.0,66.66666666666666,33.33333333333333,0.0,Millennial
1689,5,0.0,80.0,20.0,0.0,Millennial
1692,1,0.0,0.0,100.0,0.0,InterestDriven
1696,1,100.0,0.0,0.0,0.0,GenZ
1700,2,50.0,50.0,0.0,0.0,GenZ
1705,9,0.0,0.0,100.0,0.0,InterestDriven
1706,4,25.0,50.0,25.0,0.0,Millennial
1710,3,0.0,0.0,100.0,0.0,InterestDriven
1713,11,9.090909090909092,45.45454545454545,45.45454545454545,0.0,InterestDriven
1715,14,42.857142857142854,35.714285714285715,21.428571428571427,0.0,GenZ
1717,1,0.0,0.0,100.0,0.0,InterestDriven
1721,1,0.0,100.0,0.0,0.0,Millennial
1725,1,0.0,0.0,100.0,0.0,InterestDriven
1726,6,33.33333333333333,16.666666666666664,50.0,0.0,InterestDriven
1727,608,19.407894736842106,48.51973684210527,32.07236842105263,0.0,Millennial
1728,1,0.0,100.0,0.0,0.0,Millennial
1731,1,0.0,100.0,0.0,0.0,Millennial
1732,9,55.55555555555556,22.22222222222222,22.22222222222222,0.0,GenZ
1734,3,0.0,66.66666666666666,33.33333333333333,0.0,Millennial
1735,3,33.33333333333333,0.0,66.66666666666666,0.0,InterestDriven
1739,29,17.24137931034483,55.172413793103445,27.586206896551722,0.0,Millennial
1740,19,47.368421052631575,21.052631578947366,31.57894736842105,0.0,GenZ
1741,3083,20.20759000973078,33.01978592280246,46.77262406746676,0.0,InterestDriven
1749,18,5.555555555555555,61.111111111111114,33.33333333333333,0.0,Millennial
1750,1,0.0,100.0,0.0,0.0,Millennial
1754,19,47.368421052631575,52.63157894736842,0.0,0.0,Millennial
1755,19,21.052631578947366,47.368421052631575,31.57894736842105,0.0,Millennial
1761,4,0.0,100.0,0.0,0.0,Millennial
1762,2,0.0,100.0,0.0,0.0,Millennial
1763,5,40.0,60.0,0.0,0.0,Millennial
1764,2,0.0,50.0,50.0,0.0,InterestDriven
1767,1,0.0,0.0,100.0,0.0,InterestDriven
1768,1,100.0,0.0,0.0,0.0,GenZ
1769,180,66.11111111111111,22.77777777777778,11.11111111111111,0.0,GenZ
1770,5,80.0,20.0,0.0,0.0,GenZ
1771,5,100.0,0.0,0.0,0.0,GenZ
1773,1203,45.8021612635079,32.50207813798836,21.695760598503743,0.0,GenZ
1776,148,26.351351351351347,33.108108108108105,40.54054054054054,0.0,InterestDriven
1778,2,0.0,0.0,100.0,0.0,InterestDriven
1783,8,12.5,25.0,62.5,0.0,InterestDriven
1784,1,100.0,0.0,0.0,0.0,GenZ
1785,4,50.0,0.0,50.0,0.0,GenZ
1787,2,0.0,50.0,50.0,0.0,InterestDriven
1788,50,57.99999999999999,28.000000000000004,14.000000000000002,0.0,GenZ
1791,487,31.82751540041068,15.605749486652979,52.56673511293635,0.0,InterestDriven
1795,3,33.33333333333333,33.33333333333333,33.33333333333333,0.0,GenZ
1796,5,20.0,20.0,60.0,0.0,InterestDriven
1801,2,0.0,0.0,100.0,0.0,InterestDriven
1804,2,50.0,50.0,0.0,0.0,GenZ
1806,447,15.659955257270694,75.6152125279642,8.724832214765101,0.0,Millennial
1808,1,0.0,100.0,0.0,0.0,Millennial
1810,1,0.0,0.0,100.0,0.0,InterestDriven
1816,1,0.0,100.0,0.0,0.0,Millennial
1821,1,0.0,0.0,100.0,0.0,InterestDriven
1824,1,0.0,100.0,0.0,0.0,Millennial
1825,2,0.0,0.0,100.0,0.0,InterestDriven
1827,51,56.86274509803921,25.49019607843137,17.647058823529413,0.0,GenZ
1829,3,33.33333333333333,66.66666666666666,0.0,0.0,Millennial
1833,3,33.33333333333333,33.33333333333333,33.33333333333333,0.0,GenZ
1834,2,50.0,0.0,50.0,0.0,GenZ
1842,7,0.0,0.0,100.0,0.0,InterestDriven
1843,5,20.0,20.0,60.0,0.0,InterestDriven
1850,1,0.0,0.0,100.0,0.0,InterestDriven
1851,1,0.0,0.0,100.0,0.0,InterestDriven
1852,7,57.14285714285714,28.57142857142857,14.285714285714285,0.0,GenZ
1856,4,0.0,0.0,100.0,0.0,InterestDriven
1857,301,26.910299003322258,30.89700996677741,42.19269102990033,0.0,InterestDriven
1858,1,0.0,0.0,100.0,0.0,InterestDriven
1861,3,0.0,33.33333333333333,66.66666666666666,0.0,InterestDriven
1868,30,16.666666666666664,60.0,23.333333333333332,0.0,Millennial
1871,4,50.0,0.0,50.0,0.0,GenZ
1876,269,0.7434944237918215,0.37174721189591076,98.88475836431226,0.0,InterestDriven
1878,2,50.0,50.0,0.0,0.0,GenZ
1880,3,0.0,33.33333333333333,66.66666666666666,0.0,InterestDriven
1882,11,45.45454545454545,27.27272727272727,27.27272727272727,0.0,GenZ
1884,2,0.0,0.0,100.0,0.0,InterestDriven
1886,54,44.44444444444444,40.74074074074074,14.814814814814813,0.0,GenZ
1888,100,27.0,26.0,47.0,0.0,InterestDriven
1889,91,18.681318681318682,60.43956043956044,20.87912087912088,0.0,Millennial
1895,4,25.0,50.0,25.0,0.0,Millennial
1897,1,0.0,100.0,0.0,0.0,Millennial
1901,1,0.0,100.0,0.0,0.0,Millennial
1902,1,0.0,0.0,100.0,0.0,InterestDriven
1903,4,0.0,75.0,25.0,0.0,Millennial
1906,14,28.57142857142857,50.0,21.428571428571427,0.0,Millennial
1909,1,0.0,0.0,100.0,0.0,InterestDriven
1915,5,80.0,0.0,20.0,0.0,GenZ
1916,17,17.647058823529413,47.05882352941176,35.294117647058826,0.0,Millennial
1917,6,16.666666666666664,66.66666666666666,16.666666666666664,0.0,Millennial
1918,2,50.0,50.0,0.0,0.0,GenZ
1920,20,25.0,65.0,10.0,0.0,Millennial
1921,4,25.0,0.0,75.0,0.0,InterestDriven
1922,5,100.0,0.0,0.0,0.0,GenZ
1924,1,0.0,0.0,100.0,0.0,InterestDriven
1925,1,0.0,100.0,0.0,0.0,Millennial
1927,17,0.0,0.0,100.0,0.0,InterestDriven
1928,28,32.142857142857146,32.142857142857146,35.714285714285715,0.0,InterestDriven
1929,14,21.428571428571427,35.714285714285715,42.857142857142854,0.0,InterestDriven
1931,113,46.017699115044245,33.6283185840708,20.353982300884958,0.0,GenZ
1933,21,14.285714285714285,66.66666666666666,19.047619047619047,0.0,Millennial
1936,12,25.0,50.0,25.0,0.0,Millennial
1939,49,26.53061224489796,51.02040816326531,22.448979591836736,0.0,Millennial
1940,2,50.0,0.0,50.0,0.0,GenZ
1942,6,33.33333333333333,0.0,66.66666666666666,0.0,InterestDriven
1943,4,0.0,50.0,50.0,0.0,InterestDriven
1946,3,0.0,33.33333333333333,66.66666666666666,0.0,InterestDriven
1947,15,33.33333333333333,6.666666666666667,60.0,0.0,InterestDriven
1948,1,0.0,0.0,100.0,0.0,InterestDriven
1950,11,9.090909090909092,27.27272727272727,63.63636363636363,0.0,InterestDriven
1951,2,0.0,0.0,100.0,0.0,InterestDriven
1952,6,33.33333333333333,16.666666666666664,50.0,0.0,InterestDriven
1953,2,0.0,50.0,50.0,0.0,InterestDriven
1954,4,25.0,75.0,0.0,0.0,Millennial
1956,1,0.0,100.0,0.0,0.0,Millennial
1957,2,0.0,100.0,0.0,0.0,Millennial
1958,4,0.0,50.0,50.0,0.0,InterestDriven
1960,14,0.0,21.428571428571427,78.57142857142857,0.0,InterestDriven
1961,5,20.0,60.0,20.0,0.0,Millennial
1962,2,0.0,50.0,50.0,0.0,InterestDriven
1963,91,34.065934065934066,35.16483516483517,30.76923076923077,0.0,Millennial
1966,2,0.0,0.0,100.0,0.0,InterestDriven
1967,7,0.0,42.857142857142854,57.14285714285714,0.0,InterestDriven
1969,2,50.0,50.0,0.0,0.0,GenZ
1971,2,0.0,0.0,100.0,0.0,InterestDriven
1973,35,34.285714285714285,48.57142857142857,17.142857142857142,0.0,Millennial
1974,2,0.0,0.0,100.0,0.0,InterestDriven
1975,1,0.0,100.0,0.0,0.0,Millennial
1978,1,100.0,0.0,0.0,0.0,GenZ
1979,4,25.0,50.0,25.0,0.0,Millennial
1982,128,23.4375,64.84375,11.71875,0.0,Millennial
1983,8,0.0,75.0,25.0,0.0,Millennial
1985,4,0.0,75.0,25.0,0.0,Millennial
1986,5,80.0,20.0,0.0,0.0,GenZ
1987,11,54.54545454545454,18.181818181818183,27.27272727272727,0.0,GenZ
1989,5,0.0,0.0,100.0,0.0,InterestDriven
1990,4,25.0,50.0,25.0,0.0,Millennial
1991,4,50.0,0.0,50.0,0.0,GenZ
1993,2,100.0,0.0,0.0,0.0,GenZ
